s 0 14 -12 8 255 255 255 1 1 1 0.1 1 5
s 5 0 10 4 200 10 150 1 1 0.5 0.5 0.5 3
s 0 14 3 2 255 160 0 1 0.3 1 0.1 1 5
s 0 16 12 3 0 80 0 1 1 1 0.1 1 50
p 0 0 0 0 1 0 200 10 10 1 0.5 0.5 0.5 0.5 3
p 0 0 0 0 1 0.2 123 123 10 1 0.5 0.5 0.5 0.5 3
p 0 0.2 0 0 1 0.1 255 123 255 1 0.5 0.5 0.5 0.5 3
p -100 0 0 1 0 0 123 123 255 1 0 0 0 0 100
t 4 6
0 16 0
8 8 -9
8 8 9
6 2 0
0 2 -10
0 2 10
1 3 2
2 3 4
2 4 5
3 6 4
255 255 0 1 0.6 1 0 0 20
c 800 1000 1 0 1 0 20 10 0 0 2 0
/l 12 20 10 255 0 255
l 12 30 0 255 255 255
a 30 30 30